v2.0 raw
28
13
00
00
00
00
00
9*00
28
13
08
02
00
00
00
9*00
28
13
08
02
00
00
00
9*00
28
13
00
00
00
00
00
9*00
28
13
00
00
00
00
00
9*00
28
13
08
04
00
00
00
9*00
28
13
08
04
00
00
00
9*00
28
13
08
02
00
00
00
9*00
28
13
08
02
00
00
00
9*00
28
13
00
00
00
00
00
9*00
28
13
00
00
00
00
00
9*00
28
13
00
00
00
00
00
9*00
28
13
00
00
00
00
00
9*00
28
13
40
00
00
00
00
9*00
28
13
00
00
00
00
00
9*00
28
13
80
00
00
00
00
9*00
