v2.0 raw
00
00
00
00
00
00
00
9*00
00
00
80
40
00
00
00
9*00
00
00
80
10
00
00
00
9*00
00
00
C0
00
00
00
00
9*00
00
00
90
00
00
00
00
9*00
00
00
80
20
00
00
00
9*00
00
00
80
08
00
00
00
9*00
00
00
80
10
44
00
00
9*00
00
00
80
10
46
00
00
9*00
00
00
00
00
00
00
00
9*00
00
00
00
00
00
00
00
9*00
00
00
00
00
00
00
00
9*00
00
00
00
00
00
00
00
9*00
00
00
80
00
00
00
00
9*00
00
00
21
00
00
00
00
9*00
00
00
00
00
00
00
00
9*00
